function out = jv3d_posicoes()
    %(11,12,13),(11,14,17),(11,15,19),(11,21,31),(11,22,33),(11,24,37),(11,25,39),(21,22,23),(21,24,27),(21,25,29),(31,32,33),(31,34,37),(31,35,39),(31,22,13),(31,24,17),(31,25,19),(12,15,18),(12,22,32),(12,25,38),(22,25,28),(32,35,38),(32,25,18),(13,15,17),(13,16,19),(13,23,33),(13,25,37),(13,26,39),(23,25,27),(23,26,29),(33,35,37),(33,36,39),(33,25,17),(33,26,19),(14,15,16),(14,25,36),(14,24,34),(24,25,26),(34,35,36),(34,25,16),(15,25,35),(16,26,36),(17,18,19),(17,27,37),(17,28,39),(27,28,29),(37,38,39),(37,28,19),(18,28,38),(19,29,39)
    out.pos3d = [
             1, 2, 3%
             1, 4, 7%
             1, 5, 9%
             1,10,19%
             1,11,21%
             1,13,25%
             1,14,27%
            10,11,12%
            10,13,16%
            10,14,18%
            19,20,21%
            19,22,25%
            19,23,27%
            19,11, 3%
            19,13, 7%
            19,14, 9%
             2, 5, 8%
             2,11,20%
             2,14,26%
            11,14,17%
            20,23,26%
            20,14, 8%
             3, 5, 7%
             3, 6, 9%
             3,12,21%
             3,14,25%
             3,15,27%
            12,14,16%
            12,15,18%
            21,23,25%
            21,24,27%
            21,14, 7%
            21,15, 9%
             4, 5, 6%
             4,14,24%
             4,13,22%
            13,14,15%
            22,23,24%
            22,14, 6%
             5,14,23%
             6,15,24%
             7, 8, 9%
             7,16,25%
             7,17,27%
            16,17,18%
            25,26,27%
            25,17, 9%
             8,17,26%
             9,18,27%
           ];

    out.pos2d = [
             5, 5%1
            35, 5%2
            65, 5%3
             5,35%4
            35,35%5
            65,35%6
             5,65%7
            35,65%8
            65,65%9
            10,10%10
            40,10%11
            70,10%12
            10,40%13
            40,40%14
            70,40%15
            10,70%16
            40,70%17
            70,70%18
            15,15%19
            45,15%20
            75,15%21
            15,45%22
            45,45%23
            75,45%24
            15,75%25
            45,75%26
            75,75%27
           ];   